Northeast	Technical Support	1545	14215	17685	19925	53370
Northeast	Telephone	18280	13550	1965	1095	34890
Northeast	Copying	2615	5415	1445	9890	19365
Northeast	Overhead	8700	13485	19870	665	42720
Northeast	Software	12840	8520	11755	19090	52205
Northeast	Maintenance	11915	16880	4570	9005	42370
Northeast	Supplies	2880	16120	14180	9145	42325
Northeast	Telemarketing	12895	8485	10685	13355	45420
Northeast	Contractors	3535	1500	17750	2025	24810
Northeast	Consultants	9185	12235	15930	6240	43590
Northeast	Rent	13620	19825	16740	4515	54700
Northeast	Miscellaneous	6450	11955	17420	19415	55240
Northeast	Advertising	14535	12365	10130	2730	39760
Northeast	Clerical Support	15175	9300	8250	5035	37760
Northeast	Maintenance	3355	14440	6130	5710	29635
Northeast	Supplies	16765	7820	11975	12470	49030
Northeast	Telemarketing	18415	4260	5520	12075	40270
Northeast	Contractors	10650	9435	4130	5545	29760
Northeast	Consultants	7675	16430	840	8320	33265
Northeast	Telephone	16670	10265	14895	19115	60945
Northeast	Copying	9250	15315	17870	16425	58860
Northeast	Overhead	16080	1695	7225	5270	30270
Northeast	Telemarketing	13765	11685	4825	18195	48470
Northeast	Contractors	1625	6685	19085	17350	44745
Northeast	Consultants	19370	7915	8470	8225	43980
